-11.397690 7.820910 -46.593616
-18.169212 2.514747 -41.005348
-23.760118 -1.984052 -36.722332
-28.232840 -5.583092 -33.295918
-31.811016 -8.462323 -30.554787
-33.906948 -10.678859 -28.482283
-36.140690 -12.452087 -26.824280
-37.927677 -13.870669 -25.497877
-39.477047 -14.838517 -24.305155
-40.716545 -15.612796 -23.350977
-42.519394 -16.894775 -22.055361
-43.687592 -17.848856 -21.288887
-44.452633 -18.366856 -20.166185
-45.215748 -19.442131 -20.071798
-46.133293 -19.457331 -19.055746
-44.961300 -20.238802 -18.820663
-45.370422 -21.036041 -17.696823
-45.458340 -21.521418 -16.286303
-45.999737 -21.940285 -14.613010
-46.178528 -22.268488 -12.846582
-46.158806 -22.526640 -11.447268
-45.995251 -22.547554 -10.336668
-45.962448 -22.969797 -8.854763
-45.998943 -23.240034 -7.757944
-45.441624 -24.248960 -8.936782
-45.622494 -24.335279 -9.959717
-44.806782 -24.013332 -11.220130
-44.605316 -23.760921 -12.298019
-44.505116 -23.577999 -13.391068
-44.322407 -23.725487 -14.675259
-44.097668 -23.505882 -15.729542
-44.043316 -22.867966 -17.181816
-44.544559 -22.515074 -18.286650
-46.942650 -22.787836 -6.372149
-47.025158 -22.919149 -4.674431
-47.054493 -22.965836 -3.572398
-46.676296 -23.105221 -1.985471
-46.482162 -23.187746 -0.611997
-43.844559 -23.923716 -17.862164
-43.339062 -23.646112 -19.623320
-42.702911 -23.408319 -21.022621
-42.241879 -22.975538 -22.041374
-42.396847 -21.941408 -22.206337
-43.338516 -21.916237 -20.596718
-46.813164 -23.431080 0.812056
-46.579342 -23.859940 1.994900
-45.845062 -24.880602 2.990462
-45.244648 -26.086365 2.486920
-44.335667 -27.204584 1.848469
-43.788731 -28.300579 1.243644
-43.357235 -29.525782 0.607917
-42.887024 -30.370039 -0.403749
-42.177246 -30.970201 -1.855985
-41.857441 -30.821590 -2.990298
-42.426529 -29.806461 -3.899450
-43.292767 -28.513388 -3.384224
-44.225674 -27.124641 -2.337679
-44.958649 -25.809135 -2.041796
-45.545029 -24.756729 -1.805090
-47.498177 -20.934715 -0.010800
-48.025841 -19.875126 0.598107
-48.435989 -18.479637 1.085232
-48.764111 -17.363245 1.474933
-49.026604 -15.614998 2.817093
-49.218632 -14.717456 3.890821
-49.495152 -13.558608 5.677790
-49.488850 -12.923838 7.014090
-49.486614 -13.553275 8.581219
-48.903873 -13.696066 9.834922
-48.437687 -13.810297 10.837884
-47.298119 -14.068701 12.015454
-46.573486 -14.440803 13.711156
-46.315838 -14.760166 15.257671
-45.864166 -15.015656 16.494884
-45.213757 -15.664153 18.242870
-44.280033 -16.303663 19.334702
-43.771358 -17.473705 19.463106
-44.152702 -18.327900 18.264021
-44.542454 -18.929068 16.625519
-44.768875 -19.225952 15.612361
-45.316513 -19.813805 13.685816
-45.844280 -20.318300 12.078747
-46.079845 -20.490997 10.566545
-46.268299 -20.629152 9.356783
-46.587585 -20.901587 6.645925
-46.722404 -21.031113 5.251487
-46.830257 -21.134733 3.419136
-47.078251 -21.264395 2.174456
-47.502438 -21.711237 -1.595800
-47.288265 -22.410795 -8.142613
-47.109261 -22.585878 -9.522144
-46.309212 -23.215807 -13.886827
-45.770500 -23.450926 -15.143745
-45.272400 -23.596058 -16.194574
-43.859352 -25.020508 -17.084976
-44.200184 -25.189831 -15.426561
-44.435162 -25.604111 -13.879302
-44.623150 -25.935539 -12.641495
-44.869896 -26.172285 -10.231853
-44.946980 -26.149570 -9.096335
-45.159790 -26.337324 -6.850790
-45.280708 -26.502064 -5.781085
-45.526703 -26.431978 -3.703110
-46.027676 -26.044592 -0.223114
-46.439579 -25.905371 1.221511
-46.352043 -24.953495 4.422024
-46.237514 -24.437449 6.408080
-46.261234 -23.734394 7.562115
-46.138668 -23.331203 9.243177
-45.847023 -22.811666 10.449594
-45.962391 -22.176714 8.299046
-46.387012 -22.383726 6.529534
-46.537991 -22.430607 5.351574
-46.507442 -22.498119 3.655312
-46.808014 -22.555525 2.013396
-44.693455 -21.155054 12.090285
-44.200920 -21.187124 13.246975
-43.806892 -20.357643 15.331527
-43.300018 -20.342091 16.999168
-42.894524 -20.329649 18.333282
-42.570122 -20.105911 19.999773
-41.873394 -19.926922 21.332966
-41.316013 -19.783731 22.399519
-40.870106 -19.568966 24.383963
-39.782707 -19.397156 25.971518
-38.912781 -19.259706 27.241562
-37.450233 -19.463739 28.904398
-36.322117 -19.626968 30.234667
-35.419628 -19.757551 31.298882
-34.697636 -20.062439 32.421852
-33.149799 -20.306351 33.320229
-31.911526 -20.501478 34.038929
-30.363916 -20.998297 34.944290
-29.125832 -21.395752 35.668579
-26.827925 -22.161829 37.011154
-25.781971 -22.520319 37.621670
-24.138044 -23.096672 38.341213
-22.975735 -23.513639 38.674042
-23.063854 -24.637424 37.988430
-24.400476 -25.319254 36.838120
-25.687885 -25.633560 35.615421
-26.750536 -25.671824 34.732685
-28.280748 -25.726927 33.461544
-29.717205 -25.693071 32.155582
-30.866375 -25.665987 31.110813
-31.785706 -25.644321 29.558197
-33.227894 -25.112574 28.159304
-34.381641 -24.687172 27.040190
-35.304642 -24.346851 25.428099
-36.701847 -23.593586 24.216825
-37.819611 -22.990971 23.247807
-38.713825 -22.508877 21.475792
-40.165863 -21.521940 20.058180
-41.327492 -20.732389 18.924091
-42.256794 -19.245617 17.423220
-43.509312 -17.922583 16.222523
-44.511333 -16.864155 15.261965
-45.312946 -14.307147 14.003519
-46.313587 -12.842765 12.996762
-47.114098 -11.671258 12.191357
-47.754509 -9.284335 11.093432
-48.602234 -7.374796 10.215093
-49.280407 -5.847166 9.512421
-49.822945 -2.914796 9.023084
-50.065327 -1.123399 8.631614
-50.259228 0.309717 8.318438
-50.414349 2.478363 8.154697
-50.370754 4.213279 8.023705
-50.335880 5.601212 7.918911
-50.092365 7.486523 7.854676
-49.897556 8.994770 7.803288
-49.741707 10.201368 7.762177
-49.617031 11.988379 7.642488
-49.475365 13.417984 7.546738
-49.362026 14.561668 7.470137
-48.840141 15.997714 7.019657
-48.422630 17.146551 6.659272
-47.821419 19.408819 5.863118
-47.511829 20.483381 5.456841
-46.910297 22.438274 4.566603
-46.400738 24.015425 3.752690
-45.481701 25.433662 2.667306
-44.910778 26.399502 1.614795
-45.334152 25.963467 0.556804
-46.156677 24.602943 -0.777190
-47.333164 22.352686 -1.028771
-47.654263 21.241779 -1.019870
-48.709564 18.472948 -0.547853
-49.348301 16.968863 -0.175935
-49.859295 15.765596 0.351199
-50.333969 13.480197 0.772906
-50.713707 11.651876 1.110271
-51.017498 10.189220 1.595764
-51.050911 7.609463 1.984158
-51.077641 5.545657 2.294873
-51.099030 2.184346 2.717046
-51.229931 0.163370 3.054783
-51.334652 -1.453411 3.324974
-51.418427 -4.009494 3.731526
-50.982365 -6.054360 4.056767
-50.633507 -7.690252 4.316961
-50.354427 -10.161413 4.614716
-49.891590 -12.138341 4.852920
-49.225117 -15.606425 4.952332
-48.550941 -17.115660 4.879413
-48.011600 -18.323046 4.821077
-47.580124 -19.957029 4.609209
-44.736839 -25.886721 4.136722
-43.791309 -27.348484 4.836736
-48.241146 -20.939466 1.074359
-49.122471 -18.730951 -0.367722
-49.604897 -17.627737 -1.960558
-49.990314 -16.862888 -4.085973
-49.785965 -16.731239 -5.333231
-49.491707 -16.541662 -7.736884
-49.446976 -16.561106 -8.861561
-49.382557 -16.589108 -10.696695
-48.877773 -17.003862 -12.043661
-48.393005 -17.676830 -13.510519
-47.527561 -18.991211 -14.672220
-46.543507 -20.108847 -14.708748
-46.411640 -20.363516 -13.652251
-46.652966 -20.730242 -12.130897
-46.738773 -21.007608 -10.052771
-46.915226 -21.229506 -8.390269
-47.056385 -21.407021 -7.060268
-44.510288 -25.480062 6.098413
-44.026272 -26.756802 7.274161
-43.334332 -27.608427 8.588827
-42.709324 -28.011673 9.595894
-41.862816 -27.730610 10.779458
-41.682655 -27.705942 11.851638
-41.375690 -27.456326 13.087193
-41.025913 -27.109512 14.129948
-41.717625 -25.890739 14.678087
-42.425861 -24.752275 14.571115
-42.860691 -23.705456 15.972677
-42.202564 -23.549765 18.013674
-41.231701 -23.346657 19.676897
-40.119892 -22.993849 21.393866
-39.152592 -22.711605 22.767439
-36.963116 -22.645889 25.557386
-35.830608 -22.773952 26.910255
-34.924603 -22.876402 27.992552
-33.433189 -23.065254 29.295189
-32.168186 -23.216337 30.337297
-31.156187 -23.337204 31.170984
-29.375490 -24.268847 32.462215
-24.130135 -25.267422 35.230339
-22.746956 -24.873262 35.896046
-22.160898 -24.674707 36.923775
-20.963242 -25.406103 37.800995
-19.779570 -25.820086 38.100941
-18.547678 -26.170546 38.308586
-17.392731 -26.394840 38.713638
-16.150476 -26.424818 39.285355
-14.952962 -26.353146 39.841652
-13.952219 -26.334341 40.124069
-12.511153 -26.307268 40.553150
-11.154305 -26.304319 40.715668
-10.068826 -26.301962 40.845680
-7.403730 -26.671352 41.037941
-5.966361 -26.802691 41.106300
-4.816464 -26.907763 40.981789
-3.010156 -27.132116 40.882179
-1.565108 -27.311598 40.802490
-0.409068 -27.575436 40.775139
1.096712 -27.786507 40.753258
2.301334 -27.955362 40.735752
4.539080 -27.777632 40.508945
5.558317 -27.714437 40.428303
7.140319 -27.784136 40.293789
8.911719 -27.884501 40.100086
10.176399 -27.472576 40.182415
11.188146 -27.143038 40.248280
13.411672 -26.728630 40.079926
14.447148 -26.608007 39.903088
16.435331 -26.140358 39.536438
18.105450 -25.605902 39.212185
19.388021 -25.235495 38.895294
20.414080 -24.939165 38.641781
22.161116 -24.312033 37.820324
23.494827 -23.750332 36.929470
24.714939 -22.837677 36.389568
26.154617 -22.180090 35.783627
27.603058 -21.700445 35.187508
29.010443 -21.242632 34.449154
30.136351 -20.876385 33.858471
32.991421 -20.128519 31.857086
34.554897 -19.764631 30.634016
35.805683 -19.473518 28.938759
37.321373 -18.893229 27.551754
38.533924 -18.428999 26.442150
39.503971 -18.057615 25.324867
40.663307 -17.486597 24.431040
42.332760 -16.664331 23.381929
43.498234 -15.825424 22.900900
44.316006 -15.488945 21.574961
44.896873 -15.433937 19.620359
45.702320 -15.294125 18.433834
46.862164 -15.119518 15.409239
47.633900 -15.069313 13.748938
48.251293 -15.029149 12.420697
48.745205 -14.997018 10.190505
49.343967 -14.991354 8.406351
49.822975 -14.986824 6.979027
50.206181 -14.849585 4.705969
50.662476 -14.739794 2.887522
51.027508 -14.651960 1.432764
51.319538 -14.621779 -0.072642
51.367500 -14.597633 -1.276967
51.436558 -14.549502 -3.736394
51.335342 -14.526450 -4.933169
51.189587 -14.366322 -7.280924
51.137768 -14.252974 -8.393192
50.296532 -14.270130 -10.762059
50.213699 -14.356399 -11.945301
49.974636 -14.727813 -14.214769
49.836399 -14.969731 -15.273069
49.367828 -15.438348 -17.278620
48.852337 -15.834464 -18.947453
48.303711 -15.948584 -20.070015
47.513687 -16.112915 -21.686506
46.749344 -16.314289 -23.134340
46.080486 -16.536699 -24.584555
45.508682 -16.753864 -25.931572
45.100288 -17.512804 -26.991655
45.666084 -16.458176 -27.469019
46.315521 -15.406214 -26.376509
46.898857 -14.455039 -25.262901
47.875896 -13.834262 -24.218672
48.537140 -13.410243 -22.688526
48.989082 -12.262358 -21.065233
49.472374 -12.022085 -19.511126
49.644211 -12.036866 -17.944954
50.003277 -12.048691 -16.692017
50.290535 -12.058151 -15.689667
50.520336 -11.731682 -14.142986
51.021606 -11.470508 -12.905643
51.743431 -10.907354 -10.208267
51.772491 -10.623984 -8.842267
51.795742 -10.397289 -7.749467
52.001705 -10.347429 -6.669755
51.656101 -12.005312 -8.308231
51.459148 -13.049267 -9.661016
51.333508 -13.367479 -10.801786
51.311230 -13.392884 -12.599573
51.519131 -13.274736 -14.295824
51.394001 -12.537437 -15.969381
51.248692 -12.210162 -17.697380
50.649014 -12.926655 -19.074339
50.435795 -13.181407 -20.280724
49.212418 -14.678631 -21.700397
48.777439 -15.210977 -23.316772
47.842518 -15.897402 -24.609871
47.094585 -16.446541 -25.644350
45.246513 -17.686817 -28.686886
44.051411 -18.426579 -30.240421
42.970318 -18.787790 -31.581886
41.631588 -18.783804 -32.718182
41.371323 -17.035583 -32.086292
42.979935 -16.592138 -30.762920
44.318497 -16.167240 -28.839190
47.770290 -15.055573 -22.234747
48.821712 -14.822541 -18.803614
50.267673 -15.305189 -13.113809
50.360146 -15.671746 -11.456453
49.415722 -16.782221 -13.209559
48.426613 -17.659241 -15.362694
47.843346 -18.223454 -16.474209
47.376740 -18.674822 -18.080221
46.590195 -19.156174 -19.199831
45.457577 -19.849314 -20.812067
44.545792 -20.222700 -21.886507
43.232819 -20.760374 -24.150501
42.490479 -20.971586 -25.366455
41.421520 -21.275738 -27.694227
40.849789 -21.063206 -28.778234
40.026497 -20.757158 -30.014406
40.724586 -19.193422 -29.822313
41.811390 -18.309864 -28.278536
42.976398 -17.381084 -27.249283
44.654015 -16.250742 -24.406357
44.556278 -19.413452 -23.384340
44.063637 -19.244352 -24.615194
44.421410 -18.108692 -25.163172
47.167004 -15.470150 -20.627916
49.060879 -13.798491 -16.872522
49.734253 -13.204123 -15.537271
51.940712 -7.597431 -3.165916
52.139938 -6.178930 -0.632386
52.299316 -4.188997 2.976438
51.845875 -2.423350 5.863498
51.483120 -1.010833 8.173145
51.192917 0.119180 11.308863
50.260021 1.778112 13.817437
49.513706 3.105259 15.824297
48.916653 5.877242 18.255785
47.750259 7.493563 20.200975
46.817142 8.786619 21.757128
46.070652 10.676199 23.830849
44.443321 12.134416 25.489826
43.141464 13.300989 26.817007
42.099972 15.055977 28.556353
40.194725 16.459967 29.947830
38.670525 17.583160 31.061012
37.451160 18.481714 32.491959
35.517406 19.988882 33.636711
33.970406 21.194618 34.552517
32.732807 22.927490 35.481159
30.742537 24.313789 36.224075
29.150320 25.422827 36.818409
27.056034 26.797749 37.145473
25.380606 27.897688 37.407127
24.040260 28.777639 37.616447
22.967987 29.942570 37.767105
21.619057 30.874514 37.887630
20.539913 31.620071 37.984051
19.407087 32.851185 37.652390
17.775816 34.623985 37.174793
16.650795 35.621758 37.024582
15.030766 37.058544 36.808277
13.584290 38.410999 36.553921
12.631242 39.415981 36.796932
13.800364 39.131348 38.010418
14.867183 39.390938 37.109081
16.124401 39.654243 36.551785
16.239416 39.500656 37.754852
15.231044 38.410664 38.742290
14.572510 37.385712 39.657051
12.799424 35.840878 40.858135
11.568190 34.209492 41.847847
10.721412 33.160397 42.465569
9.554208 32.248466 43.133068
8.390665 30.988331 43.833122
11.827189 33.241440 43.204796
12.706554 34.291363 41.569931
14.782015 40.094746 36.077644
14.162951 41.289474 35.083359
13.416986 42.754242 33.882534
12.582784 43.996563 32.380375
11.915422 44.990421 31.178646
11.381534 45.785511 28.066864
10.169844 47.336842 25.714638
9.200490 48.577904 23.832857
8.425009 49.570755 20.709032
7.283566 50.692390 18.209972
6.370412 51.589695 16.210724
5.639890 52.307545 12.796926
4.474525 53.316071 10.065888
3.542233 54.122890 7.881057
2.796399 53.913212 4.366393
2.175774 54.366779 1.554661
1.679277 54.729630 -0.694725
1.282077 55.019913 -3.656233
0.748706 54.831253 -6.025439
0.322009 54.680328 -7.920805
-0.019346 54.559586 -10.310698
-0.394246 54.462994 -12.222611
-0.694167 54.385719 -13.752142
-0.934104 53.468765 -16.230167
-1.329684 52.695118 -18.212587
-1.646149 52.076199 -19.798523
-1.899320 51.434086 -21.484472
-2.401313 50.920403 -22.833231
-2.802907 50.509453 -23.912239
-0.062510 52.913467 -13.956747
1.044552 53.085972 -10.544651
1.858334 53.223972 -7.814974
2.509358 53.334377 -5.631232
3.503320 53.102024 -2.296639
4.298491 52.916138 0.371036
4.934628 52.767433 2.505176
5.958605 52.468090 5.088887
6.777785 52.228615 7.155857
7.433129 52.037029 8.809433
8.238895 51.736790 10.109893
8.883508 51.496597 11.150261
9.645924 52.037827 10.122874
9.392248 52.338696 7.907046
9.189307 52.579388 6.134384
9.026957 52.771942 2.565854
8.262225 52.919304 -0.218970
7.650439 53.037197 -2.446829
7.161012 53.131508 -4.229116
6.362206 52.826157 -7.477747
5.723162 52.581875 -10.076652
5.211926 52.386452 -13.589375
4.443589 51.615486 -16.360353
3.828920 50.998714 -18.577137
3.337183 50.505295 -21.459362
2.746153 49.429123 -23.765142
2.273330 48.568188 -25.609768
1.895069 47.879436 -27.900269
1.460698 46.319649 -29.732668
1.113202 45.071819 -31.198589
0.835206 42.363289 -33.569725
0.642754 40.644073 -35.466633
0.488795 39.268700 -36.984161
0.365626 38.168400 -39.046581
0.279070 35.931973 -40.696518
0.209823 34.142830 -42.016468
0.154428 31.515669 -43.864826
0.685070 29.413939 -45.343513
1.109583 27.732555 -46.526463
1.449193 25.532312 -47.856422
1.487306 23.377954 -48.920391
1.517795 21.654472 -49.771568
1.542188 19.554167 -50.640110
1.507799 17.873920 -51.334942
1.480289 16.529726 -51.890808
1.458279 14.719489 -52.553902
1.782055 13.271299 -53.084373
2.041072 12.112747 -53.508751
2.248288 10.805105 -53.772655
2.551812 9.758991 -53.983776
3.240427 8.098928 -54.461395
3.882377 6.913564 -54.905949
5.069024 5.874304 -55.615021
4.613691 8.216717 -54.524952
4.546854 10.782267 -53.934704
4.624239 12.386290 -53.561817
4.686148 13.669506 -53.263508
4.843481 16.820553 -52.109261
4.969347 19.341387 -51.185863
5.070040 21.358057 -49.223545
4.881083 25.095863 -47.653690
4.729916 28.086109 -46.397804
4.608983 31.333437 -44.259098
4.470311 34.064915 -42.548130
4.359374 36.250095 -41.179356
4.270626 37.998238 -38.849537
4.055886 40.018063 -36.985683
3.884095 41.633923 -35.494602
3.746663 42.926609 -33.066936
3.606771 44.602108 -31.124802
3.494859 45.942509 -29.571095
3.405328 47.869961 -27.306129
3.393595 48.857426 -25.494158
3.394647 51.338120 -20.425028
3.420496 52.533749 -17.120113
3.381771 53.009338 -15.505743
3.350793 53.389812 -14.214247
3.326009 53.787720 -12.685451
3.372061 54.106045 -11.462414
2.113150 53.329254 -15.718653
1.617199 52.135899 -18.377375
1.220435 51.181213 -20.504353
0.903024 50.417465 -22.205935
0.804815 48.697468 -25.076401
0.726247 47.321472 -27.372774
0.250854 30.178415 -46.422371
0.169283 27.669380 -47.675152
0.104026 25.662153 -48.677376
0.051821 24.056374 -49.479156
-0.115715 21.355433 -50.548977
-0.249744 19.194683 -51.404835
-0.356965 17.466082 -52.806320
-0.328949 15.000922 -53.415112
-0.306535 13.028794 -53.902142
-0.288604 11.451094 -54.294567
-0.064640 9.313758 -54.608509
0.114532 7.603888 -54.859661
0.257867 6.235992 -55.206181
0.809246 4.530778 -55.705173
1.934426 4.897429 -55.871628
4.454298 10.262025 -55.059036
5.969681 13.798857 -53.806679
6.846539 15.240488 -53.361397
7.548026 17.222202 -52.495571
8.815934 18.807575 -51.802910
9.830260 20.075872 -51.248783
11.408334 21.925600 -50.024281
12.551008 23.405384 -49.044678
13.465148 24.589211 -48.260994
14.963072 26.745481 -46.486050
16.059595 28.470499 -45.066093
16.936815 29.850513 -43.930130
18.027884 31.756214 -42.352158
18.900740 33.280773 -41.089779
19.599024 34.500420 -40.079876
20.157652 36.177616 -38.272354
20.808187 37.519371 -36.826336
21.328613 38.592777 -35.669521
21.780888 39.671963 -34.178471
22.142710 40.535316 -32.985630
22.693678 42.085854 -30.416740
22.902885 42.773739 -29.125046
23.070255 43.324047 -28.091690
23.264038 44.298752 -26.198206
23.419065 45.078514 -24.683418
23.543089 45.702328 -23.471588
23.720165 46.595539 -21.169323
23.861828 47.310108 -19.327511
23.975155 47.881763 -17.854061
23.904114 48.492748 -15.577702
23.847279 48.981529 -13.756615
23.801809 49.372559 -10.866145
23.418064 49.919209 -8.508969
23.111069 50.356525 -6.623229
22.865473 50.706379 -5.114636
22.752844 50.906094 -2.756962
22.662739 51.065868 -0.870823
22.590656 51.193684 1.422089
22.323370 51.095516 3.256418
22.109541 51.016979 4.723881
21.938477 50.954155 5.897852
21.514147 51.137722 7.203828
21.174683 51.284573 8.248610
20.781681 51.369106 9.672455
20.780901 52.182808 7.128985
20.653967 52.120644 6.125135
20.471182 52.886257 4.094391
20.505129 52.990105 2.326554
20.425035 52.924282 0.933059
20.298313 52.848759 -0.521578
20.222004 52.773701 -1.902786
20.194870 52.553268 -2.914682
20.295946 52.235855 -4.371812
20.589417 52.002739 -5.589903
21.012014 51.667057 -7.343954
21.180239 51.280472 -9.392817
21.314819 50.971207 -11.031906
21.422482 50.723793 -12.343178
21.610430 49.877834 -14.971395
21.760786 49.201065 -17.073971
21.881075 48.659649 -18.756031
21.701801 47.411469 -21.638878
21.558384 46.412926 -23.945156
21.443651 45.614090 -25.790178
21.112297 44.286907 -28.220997
20.847214 43.225159 -30.165649
20.635147 42.375763 -32.438171
20.321754 40.914600 -34.250591
20.071041 39.745670 -35.700527
19.870470 38.810528 -36.860474
19.254837 37.681610 -38.438034
18.762331 36.778481 -39.700081
18.368326 36.055973 -40.709717
17.801579 34.669594 -41.971027
17.348179 33.560493 -42.980076
16.985460 32.673214 -44.504116
16.509621 31.094894 -45.555347
16.128950 29.832243 -46.396332
15.824412 28.822119 -47.489120
15.365173 27.339268 -48.363350
14.997783 26.152985 -49.062733
14.384892 23.689819 -50.453445
14.129710 22.478504 -51.118408
13.384931 19.912481 -52.569878
12.952425 18.634905 -53.085957
12.606418 16.771072 -53.745220
11.802567 15.280007 -54.272629
11.159487 14.087154 -54.694557
10.645024 11.422606 -55.132900
9.712398 9.558194 -55.483574
8.966294 8.066668 -55.764114
7.602801 6.118523 -56.212543
6.625801 4.560006 -56.571289
5.844200 3.313194 -56.858284
5.218919 2.248937 -57.202682
4.555687 0.716407 -57.698612
3.355224 -0.576792 -58.123951
1.561489 -1.024873 -57.890461
0.407183 -0.073821 -57.856220
0.550253 1.466550 -57.778637
0.774143 2.495250 -57.703762
1.947004 5.546547 -57.262745
2.742004 7.329217 -56.957848
3.378001 8.755355 -56.713932
4.120376 10.851608 -56.059601
4.714276 12.528611 -55.536133
5.189396 13.870214 -55.117359
5.054426 15.544760 -54.591942
4.946451 16.884398 -54.171608
4.860069 17.956108 -53.835342
4.204028 19.087387 -53.583130
3.259329 20.716427 -53.222740
1.605820 21.409214 -53.095848
0.283015 21.963440 -52.994331
-0.775229 22.406824 -52.196320
-2.735806 22.781570 -51.723110
-4.304268 23.081369 -51.344543
-5.559039 23.321211 -50.854088
-8.102067 23.239172 -50.461723
-10.136489 23.173544 -50.147831
-11.764026 23.121040 -49.109917
-14.215973 22.925379 -48.279587
-16.177534 22.768852 -47.615322
-17.746782 21.788496 -46.801109
-19.924511 21.505264 -46.149742
-21.666695 21.278681 -45.628647
-23.060438 20.242281 -44.688171
-25.253483 19.459927 -43.935791
-27.007917 18.834044 -43.333885
-28.411465 18.052746 -41.961960
-30.504547 17.427706 -40.864422
-32.179012 16.927675 -39.986389
-33.713428 17.614594 -38.716988
-34.331314 18.895990 -38.108967
-33.628349 20.389502 -37.883354
-32.000896 22.984873 -37.304737
-30.698940 25.061172 -36.841843
-29.657372 26.722210 -36.471527
-27.290895 29.968409 -35.035675
-25.409695 32.565365 -33.886993
-23.904730 34.642933 -32.968048
-21.574800 37.801468 -30.267292
-19.710857 40.328297 -28.106686
-18.219704 42.349762 -26.378202
-16.421877 44.160675 -23.326614
-14.983613 45.609402 -20.885345
-13.833004 46.768383 -18.932329
-12.678938 48.163227 -16.826717
-11.755687 49.279099 -15.142227
-11.017082 50.171795 -13.794635
-10.474116 50.779060 -12.304961
-10.039742 51.264874 -11.113222
-9.168686 52.158184 -9.108718
-8.414766 52.884895 -7.595116
-7.759769 53.554420 -6.490330
-8.577477 53.018276 -11.115771
-9.330964 52.007370 -13.143870
-9.933757 51.198647 -14.766350
-10.415987 50.551666 -17.497932
-11.526460 49.145550 -19.873600
-12.414837 48.020653 -21.774134
-13.125540 47.120735 -24.845760
-14.646379 44.396587 -27.303062
-15.863048 42.217262 -29.268904
-16.836382 39.618671 -31.667576
-18.261881 37.058788 -33.586514
-19.402279 35.010880 -35.121666
-20.314596 31.662289 -36.951786
-21.691278 29.117029 -38.415882
-22.792625 27.080824 -39.587158
-23.673704 23.861841 -40.434582
-25.049351 21.286657 -41.112518
-26.149868 19.226511 -41.654869
-27.030283 15.868128 -42.265148
-28.207758 13.669113 -42.753372
-29.149740 11.909903 -43.143951
-30.669933 9.313364 -42.778816
-31.826193 7.236133 -42.486706
-32.751202 5.574348 -42.253017
-33.491211 3.149282 -41.335266
-34.861809 1.209229 -40.601067
-35.958290 -0.342814 -40.013706
-37.602085 -2.205755 -38.720619
-38.647610 -3.696110 -37.686150
-39.484032 -4.888392 -36.858574
-40.919773 -6.142852 -35.572113
-41.924633 -7.146419 -34.542942
-43.593227 -8.785296 -32.120140
-44.284996 -9.454116 -30.840565
-44.838409 -9.989171 -29.816904
-45.598564 -10.597596 -28.286777
-46.206688 -11.084334 -27.062675
-47.106339 -12.152678 -24.969568
-47.701286 -13.130372 -23.365660
-47.920345 -14.405462 -21.759558
-48.006634 -15.174753 -20.602854
-48.274593 -15.971823 -19.367271
-49.097420 -16.526096 -17.053196
-49.460945 -16.575377 -15.653811
-49.751770 -16.614801 -13.100701
-50.144096 -17.555710 -7.698601
-49.998833 -18.247520 -6.120534
-49.882614 -18.800968 -4.858080
-49.523621 -20.045542 -3.176227
-49.140533 -22.055288 -1.856241
-48.489262 -23.336987 -1.278646
-47.968243 -24.362343 -0.816570
-47.551426 -25.182627 -2.051309
-46.912533 -26.954538 -3.039101
-46.401417 -28.372068 -3.829334
-45.992523 -29.111925 -7.177521
-45.413864 -29.703814 -9.856071
-44.950932 -30.177324 -11.998910
-44.580582 -30.556133 -15.157982
-43.379951 -31.106367 -17.685240
-42.419437 -31.546551 -19.707045
-41.651035 -31.791809 -22.724489
-40.551189 -31.988016 -25.138445
-39.671310 -32.144981 -27.069609
-38.967411 -31.615843 -30.176941
-37.823341 -31.192530 -32.662807
-36.908081 -30.853880 -34.651501
-35.409264 -29.393791 -37.326054
-34.353954 -28.225721 -39.465698
-33.509701 -27.291265 -41.177414
-32.337204 -25.521547 -43.137585
-31.399202 -24.105774 -44.705723
-30.648800 -22.973154 -45.960232
-30.545582 -21.138437 -47.042240
-30.463007 -19.670666 -47.907845
-30.396946 -18.496449 -48.600330
-30.038651 -15.619663 -49.213120
-29.752014 -13.318234 -49.703350
-29.522705 -11.477091 -50.095535
-29.506954 -8.728158 -50.235683
-29.494350 -6.529011 -50.347801
-29.484270 -4.769694 -50.437496
-29.859509 -2.320048 -49.974453
-30.159698 -0.360330 -49.604015
-30.399851 1.207444 -48.590866
-30.514118 4.212014 -47.595547
-30.605530 6.615670 -46.799290
-30.678663 8.538596 -46.162285
-30.737167 11.593461 -44.683880
-30.783972 14.037354 -43.501156
-30.821415 15.992469 -41.121380
-31.150826 19.266825 -39.217556
-31.414354 21.886312 -37.694500
-31.625174 23.981899 -35.042454
-32.081310 26.152742 -33.310017
-32.446224 27.889420 -31.924065
-32.738148 29.278759 -29.210905
-33.103451 30.951414 -27.040377
-33.395695 32.289539 -25.303955
-33.629490 33.360031 -22.481216
-33.349373 35.385559 -20.195026
-33.125278 37.005978 -18.366074
-32.946003 38.302315 -15.460913
-31.892229 39.994099 -13.136784
-31.049215 41.347523 -11.277480
-30.374802 42.430260 -10.322038
-29.314213 43.697292 -9.557683
-28.465742 44.710922 -8.946199
-26.716902 46.337566 -10.202623
-25.176008 46.910969 -12.510335
-24.298731 46.847614 -13.999121
-23.596910 46.796932 -15.190149
-23.035454 46.221928 -17.576572
-21.903526 45.761925 -19.485712
-20.997980 45.393921 -21.013023
-19.506933 44.538338 -23.878471
-18.487782 43.853870 -26.170830
-17.672461 43.306301 -28.004717
-17.020206 41.792645 -30.507828
-15.509587 39.612976 -34.112305
-15.289904 37.067593 -36.721096
-15.114159 35.031284 -38.808132
-14.973560 33.402237 -40.477760
-14.861085 30.241758 -42.757061
-14.854953 27.713373 -44.580502
-14.850045 25.690670 -46.039253
-15.522149 18.857719 -49.152897
-15.761119 16.428228 -50.259972
-15.790586 13.221975 -51.254829
-15.814164 10.656974 -52.050716
-15.833025 8.604973 -52.687428
-15.345025 5.827648 -53.238796
-14.954622 3.605788 -53.679890
-14.642303 1.828301 -54.032764
-14.410412 -0.709370 -54.004265
-14.224899 -2.739507 -53.981464
-14.076489 -4.363616 -53.963226
-13.814024 -6.705098 -53.962635
-13.604050 -8.578282 -53.962162
-13.436073 -10.076831 -53.961784
-12.888439 -11.676513 -53.983883
-12.450332 -12.956258 -54.001560
-12.099845 -13.980054 -54.015701
-10.840513 -15.273941 -54.192307
-9.088253 -16.175518 -54.277332
-8.044657 -16.528740 -54.295120
-5.721361 -17.404819 -54.164494
-4.530627 -17.879620 -54.118050
-2.636297 -19.037666 -53.234688
-1.280188 -21.868546 -52.212936
-1.067529 -23.381332 -51.646801
-0.897402 -24.591562 -51.193893
-0.761300 -26.414879 -50.162369
-1.197429 -28.080635 -49.337147
-1.546333 -29.413239 -48.676971
-1.825455 -31.107309 -47.600029
-3.486153 -32.462566 -46.738476
-4.814710 -33.546776 -46.049232
-5.877556 -34.414135 -43.918640
-8.273030 -35.882992 -42.214165
-10.189412 -37.058079 -40.850586
-14.022350 -37.463688 -39.182922
-16.915016 -37.788174 -37.848793
-19.229149 -38.047768 -36.781487
-23.140724 -37.366901 -34.342842
-26.269985 -36.822212 -32.391926
-28.773396 -36.386456 -30.831192
-31.542730 -34.688347 -28.123806
-34.189419 -33.329861 -25.957897
-36.306770 -32.243069 -24.225170
-38.779243 -29.756903 -22.270590
-40.757221 -27.767965 -20.706924
-42.339596 -26.176819 -19.455994
-46.612103 -20.316034 -15.873230
-48.581604 -16.346693 -14.000882
-49.281876 -14.935371 -13.335159
-49.919945 -12.383319 -12.094181
-50.430401 -10.341677 -11.101398
-50.838772 -8.708364 -10.307172
-51.261288 -6.152416 -9.512191
-51.599308 -4.107659 -8.876205
-51.869717 -2.471853 -7.650618
-51.768620 -0.294713 -7.092947
-51.687740 1.446998 -6.646811
-51.623043 2.840368 -6.289902
-51.355679 5.070745 -6.099575
-51.141785 6.855047 -5.947313
-50.970669 8.282489 -5.108704
-50.462452 10.620292 -4.446216
-50.055878 12.490534 -3.916226
-49.730610 13.986729 -2.775434
-48.967316 15.831714 -2.473200
-48.356678 17.307701 -2.231413
-47.868164 18.488493 -1.833584
-47.273724 20.047750 -1.515320
-45.951668 23.465546 -0.405190
-46.082027 22.132952 -2.384509
-46.689285 20.524853 -3.473660
-47.175091 19.238375 -4.344982
-47.563732 16.866365 -6.055638
-48.150150 14.968759 -7.424164
-48.619286 13.450673 -8.518985
-48.994595 11.554770 -11.055242
-49.127144 10.038047 -13.084247
-49.233189 8.824670 -14.707451
-48.551407 7.239342 -17.686014
-48.155708 5.971078 -20.068865
-47.839149 4.956468 -21.975145
-46.513847 4.732683 -24.762970
-45.453602 4.553656 -26.993231
-44.605404 4.410432 -28.777439
-42.393631 5.384813 -31.294006
-40.714046 6.164318 -33.307259
-39.370377 6.787921 -34.917862
-37.217392 8.101854 -36.836342
-35.495007 9.153000 -38.371128
-34.117100 9.993917 -39.598957
-32.457775 11.274597 -40.889217
-31.130322 12.299140 -41.921429
-28.625862 14.883482 -43.122211
-27.471867 16.295248 -43.422222
-26.548668 17.424662 -43.662231
-24.141218 20.734560 -43.161125
-23.285234 21.911415 -42.982952
-22.031481 24.556484 -41.871616
-21.028477 26.672537 -40.982548
-20.226072 28.365379 -39.554493
-18.625887 30.868738 -38.375648
-17.345736 32.871426 -37.432571
-16.321615 34.473576 -36.678112
-15.496332 36.750725 -34.503742
-14.836104 38.572441 -32.764248
-14.307923 40.029819 -30.219051
-13.879387 41.817028 -28.182894
-13.536558 43.246792 -26.553968
-13.262295 44.390606 -23.386028
-12.701504 45.779987 -20.851675
-12.252870 46.891491 -18.824194
-11.053723 49.277607 -12.762294
-10.754972 49.996899 -10.860289
-10.192557 50.572338 -9.338684
-9.742622 51.032684 -8.121401
-9.382675 51.400967 -5.867974
-8.280194 51.769077 -4.065232
-7.398210 52.063564 -2.623039
-6.692624 52.305836 -0.934484
-5.613084 52.499653 0.416360
-4.749454 52.654709 1.497035
-4.058550 52.691902 2.907575
-2.721250 52.721657 4.036007
-1.651408 52.745461 4.938752
-0.028922 52.624207 6.190148
1.484675 52.527206 7.191266
2.695551 52.449604 7.992159
3.664256 52.280636 9.489675
5.139949 52.145454 10.687687
6.320502 52.037312 11.646096
7.827926 51.790462 12.152424
9.033866 51.592983 12.557486
11.141745 51.642647 12.437975
12.787848 51.941658 11.799249
13.809014 52.024803 10.599183
14.809931 51.904312 10.270741
16.276585 51.557968 10.969322
17.975475 50.468590 13.185188
18.703094 49.747158 14.316098
20.092249 48.013496 16.818207
20.737896 47.088287 18.096113
21.254414 46.348125 19.835238
22.589958 45.014427 20.938137
23.658392 43.947475 21.820457
24.513140 43.093910 22.909914
25.855745 41.609371 23.781479
26.929829 40.421741 24.478731
29.380871 37.849735 25.474373
30.654291 36.552216 25.824646
31.673027 33.803936 26.401665
33.212704 32.166492 26.863279
34.444447 30.856537 27.232571
35.429840 29.808573 27.903204
36.433762 28.054939 28.439711
37.236900 26.652035 28.868916
37.879414 25.529709 29.304680
38.662930 24.010542 29.653292
39.289749 22.795210 29.932180
39.791203 20.967812 30.480091
40.362370 19.322433 31.269083
39.648804 20.916491 31.535391
39.408794 23.002735 31.102795
38.700588 24.160202 30.769783
34.497765 31.883717 28.149622
33.555962 33.202400 27.715645
32.802525 34.257343 27.368464
21.287016 45.027264 20.741009
19.298048 46.389523 19.436754
17.706875 47.479332 18.393351
14.511416 48.838875 16.407827
11.955051 49.926506 14.819408
-5.150881 52.652531 3.684224
-7.434157 52.609989 2.036526
-11.117416 51.654018 0.718368
-14.064026 50.889244 -0.336159
-16.421314 50.277420 -1.896581
-20.002071 48.839302 -2.892918
-22.866678 47.688805 -3.689987
-25.158363 45.913273 -4.106443
-28.201519 44.125408 -4.439608
-30.636045 42.695114 -4.706139
-32.583672 41.550884 -4.432165
-35.094044 39.165737 -4.212985
-37.102345 37.257618 -4.037641
-38.708981 34.875992 -3.169366
-40.647106 32.569843 -2.474746
-42.197605 30.724930 -1.919050
-43.438007 28.393862 -0.606493
-46.043503 24.628269 1.283589
-46.969902 22.093542 3.109218
-49.262897 14.468075 8.947744
-49.545414 13.010042 10.088943
-49.771435 10.888272 11.486301
-49.766586 9.190856 12.604188
-49.762703 7.832922 13.498497
-49.759602 6.058460 14.846745
-49.583427 4.638891 15.925343
-49.442490 3.503237 16.788221
-49.329739 2.267356 18.018925
-48.854755 0.487690 19.791136
-48.302563 -0.532563 20.928055
-47.507404 -2.001727 22.565220
-46.955387 -2.412879 24.187567
-46.122955 -2.315257 25.657068
-45.206894 -1.964171 26.942509
-43.855206 -2.064159 28.425430
-43.073975 -2.014580 29.472502
-42.127785 -1.915210 30.853970
-41.281586 -1.760115 31.966272
-41.344349 -0.503252 32.109707
-41.219238 0.716623 32.635872
-40.594582 1.790955 33.100925
-39.760593 3.250583 34.057457
-38.547665 4.207458 35.252037
-37.334190 5.240744 36.268570
-36.207794 6.245435 36.991951
-34.581345 6.893784 37.513153
-33.169086 7.368853 38.632961
-31.968185 7.807849 39.514839
-30.455753 8.158286 40.211399
-28.487606 8.767376 41.589600
-27.343292 8.983941 42.079628
-25.661228 9.197278 42.774048
-24.447342 9.367948 43.329586
-22.531651 9.520181 44.389961
-21.171450 9.542786 45.276920
-19.427700 9.232570 46.010895
-17.790646 9.174325 46.738235
-16.326084 9.249285 47.409817
-15.224402 9.442955 47.601002
-13.637986 9.721842 47.876305
-12.486988 10.041467 48.108589
-10.829551 10.501725 48.443081
-9.369914 11.253251 48.576515
-8.103601 12.193851 48.314281
-6.925469 13.330179 48.050358
-6.392482 14.722054 47.449444
-5.331586 13.471222 48.599491
-4.266489 12.275880 49.306618
-3.887787 10.681745 49.149242
-2.752334 9.406434 49.023342
-1.843969 8.386188 48.922623
0.308546 6.369210 49.503345
1.449205 5.408587 49.709824
2.361731 4.179118 49.639805
3.732592 3.195544 49.583790
4.829279 2.408685 49.538979
6.251642 1.197974 49.214729
7.389531 0.229404 48.955330
9.028093 -1.706473 48.528595
10.053889 -2.635292 48.353226
12.117973 -4.400357 47.700291
13.908539 -5.872051 46.962090
15.194644 -7.667732 46.010845
16.436995 -9.151005 45.049244
17.567492 -10.367528 44.151581
18.614424 -11.723319 43.370438
19.170666 -12.858253 42.845306
19.435625 -13.798394 41.772263
19.950172 -15.253882 41.207592
20.363333 -16.399178 41.014202
20.369503 -18.299374 40.689816
19.901028 -19.733875 40.207386
18.803450 -21.493729 39.389591
17.765608 -22.793732 39.219002
16.088255 -24.771318 38.703087
15.015715 -27.075985 38.184921
13.747143 -28.417358 37.671852
13.156857 -29.750172 36.864693
12.956353 -31.436926 35.762909
12.526176 -32.879879 34.589603
13.151632 -34.548939 33.037331
13.168618 -35.957855 31.576275
13.438221 -37.132137 30.267120
13.729350 -38.316589 29.051260
13.915672 -38.981098 27.934311
14.604844 -39.803581 26.387888
14.936139 -40.985489 25.069717
14.920576 -42.079388 23.935053
14.977353 -42.606113 22.690779
15.149570 -43.120300 21.461521
16.063717 -40.356094 25.783447
16.401472 -39.069157 28.134991
16.293976 -37.723045 29.420340
16.207977 -36.646152 30.448620
16.139179 -35.784641 31.988043
15.928425 -34.507530 33.208382
15.759819 -33.485836 34.184654
15.624935 -30.958218 35.766472
15.253506 -29.083099 37.031925
14.486548 -24.213655 40.646168
14.300871 -22.478237 41.571281
14.152330 -20.234770 42.703373
13.841845 -18.052513 43.609047
13.593455 -16.306709 44.333584
12.628133 -13.760980 45.081215
11.891809 -11.724395 45.679321
11.302751 -10.095128 46.157806
10.831505 -8.163727 46.688992
9.454320 -6.618606 47.113941
8.352572 -5.382508 47.453899
6.704561 -3.672112 47.518669
4.823172 -2.303795 47.570484
3.318061 -1.209141 47.611935
0.580749 0.120870 47.583496
-1.633057 1.184880 47.560745
-3.404104 2.036087 47.542542
-6.042726 2.643565 47.491581
-8.153624 3.129547 47.450813
-9.842340 3.518334 47.418198
-12.642690 3.508688 46.574505
-14.882969 3.500973 45.899551
-16.675194 3.494799 45.359589
-19.204988 2.554558 44.222019
-21.228823 1.802365 43.311962
-22.847891 1.200611 42.583916
-24.993605 -0.015672 41.413479
-26.710178 -0.988699 40.477131
-28.083435 -1.767120 39.728050
-29.619249 -3.525580 38.274788
-30.847902 -4.932348 37.112179
-31.830820 -6.057763 35.465290
-32.940571 -8.053734 34.318581
-33.828373 -9.650512 33.401211
-34.538616 -10.927934 32.667316
-35.502090 -13.139040 31.410999
-36.272865 -14.907925 30.405947
-36.889492 -16.323032 28.885105
-37.496590 -18.377060 27.298832
-37.982265 -20.020281 26.029812
-38.370808 -21.334858 24.297796
-38.542206 -24.947470 21.617214
-38.603149 -26.231955 20.143318
-38.580032 -27.680426 18.964201
-38.561546 -28.839203 18.020908
-38.546753 -29.766228 16.549473
-38.391174 -30.895329 15.414326
-38.167145 -32.521233 13.242113
-38.063534 -33.353199 12.230838
-37.914326 -34.551231 10.657001
-37.646358 -35.462276 9.555664
-37.516777 -36.125511 8.407290
-37.467388 -36.687607 7.025530
-37.036896 -37.106136 5.623764
-36.869183 -37.758804 4.474633
-36.848091 -38.196556 3.260389
-36.716011 -38.492752 2.100233
-39.689106 -29.626146 16.089626
-39.951885 -28.438328 17.348049
-39.982437 -26.011629 18.895185
-40.006874 -24.070274 20.132896
-40.293610 -19.791599 22.989840
-40.507359 -17.611128 23.909819
-40.678356 -15.866750 24.645802
-40.839119 -13.282079 25.514587
-40.967720 -11.214341 26.209618
-41.070606 -9.560151 26.874842
-41.087029 -7.161203 27.407021
-41.100174 -5.242044 27.832764
-41.110683 -3.706717 28.173359
-41.107121 -0.995333 28.263834
-41.104263 1.173773 28.336214
-41.101978 3.764191 28.324118
-40.740803 5.970141 28.314442
-40.451866 7.734901 28.306700
-40.220711 9.146708 28.496508
-39.394947 11.705830 28.648354
-38.734341 13.753127 28.769831
-38.205853 17.101231 28.290211
-37.339870 19.305384 27.906515
-36.647079 21.068705 27.599560
-36.092850 23.334494 27.188795
-35.302090 24.806410 26.860184
-34.669487 25.983942 26.597294
-34.163406 27.861267 25.714983
-33.453091 29.363129 25.009134
-32.884842 30.564615 24.444454
-31.663630 32.274052 22.934311
-30.992105 33.641598 21.726196
-30.454887 34.735634 20.759705
-29.258499 36.492722 19.415310
-28.606834 37.898388 18.339794
-28.085503 39.022926 17.479382
-27.291124 40.664116 15.253853
-26.655619 41.977062 13.473429
-26.147217 43.027428 12.049089
-25.117622 44.228474 9.582418
-24.293945 45.189308 7.609082
-23.635004 45.957981 6.030412
-22.832350 46.646408 3.263876
-22.190229 47.197147 1.050648
-21.676531 47.637741 -0.719935
-19.697052 48.236118 -5.950854
-18.993235 48.448872 -7.810737
-17.783354 48.244957 -10.460643
-16.815449 48.081825 -12.580567
-16.041126 47.951321 -15.710108
-11.659959 45.411648 -23.898449
-10.778794 44.666092 -25.660412
-10.073864 44.069645 -27.786783
-8.958916 42.850929 -29.672680
-8.066960 41.875957 -31.181396
-7.353394 41.095982 -33.105171
-6.183625 39.850689 -34.529392
-5.247812 38.854458 -35.668766
-4.499159 38.057468 -37.190666
-3.564847 36.771851 -38.408188
-2.817398 35.743355 -39.382202
-2.219436 34.920559 -40.878216
-1.705130 33.854797 -41.641026
-0.964535 32.320103 -43.058674
1.830947 28.439266 -45.186333
1.886473 29.290241 -43.990540
1.582043 31.201244 -42.673481
1.360009 32.382507 -41.747238
0.273664 34.918621 -39.500648
0.145608 36.191502 -38.296173
0.043164 37.209808 -37.332592
0.009122 38.699203 -35.730125
-0.018110 39.890720 -34.448154
-0.039896 40.843933 -33.422577
-0.057325 42.368107 -31.328114
-0.101215 43.587448 -29.652544
-0.136326 44.562923 -28.312088
-0.176394 45.864391 -26.069324
-0.208448 46.905571 -24.275112
-0.234094 47.738514 -22.839743
0.122708 48.625332 -21.120247
0.408150 49.334789 -19.744650
0.636504 49.902351 -18.644173
1.190514 50.242828 -16.733391
1.633722 50.515213 -15.204765
1.988288 50.733120 -13.981866
2.547443 51.221439 -12.605946
2.994767 51.612095 -11.505210
3.680836 52.027660 -9.726951
4.153459 52.176041 -7.717505
4.854815 52.475433 -6.447700
6.014751 52.740780 -5.732904
-0.183856 50.798813 -16.614096
-1.334392 50.291924 -17.811331
-2.150284 49.562008 -19.535347
-2.410431 49.015209 -20.946331
-2.618549 48.577774 -22.075119
-3.127862 47.339920 -24.145773
-3.621520 46.061337 -25.827150
-3.635334 45.332817 -27.105373
-3.646386 44.750004 -28.127953
-3.602410 43.596756 -29.986866
-3.526351 42.607479 -31.485691
-3.294403 41.228775 -32.948940
-3.110025 40.186073 -33.891018
-3.064450 42.340710 -29.730146
-3.015994 43.679104 -28.234171
-2.946217 45.606388 -24.254364
-2.520133 46.752617 -22.027945
-2.179267 47.669598 -20.246809
-1.906574 48.403179 -16.705101
-1.400941 49.197151 -13.871734
-0.996435 49.832325 -11.605041
-0.672830 50.340466 -7.672086
-0.030639 50.726936 -4.525722
0.483112 51.036114 -2.008630
0.894114 51.283455 2.236643
1.300774 50.926826 5.632861
1.626105 50.641525 8.349836
1.886366 49.310963 12.021417
2.232328 48.246517 14.958680
2.509097 47.394955 17.308491
2.730511 45.003441 20.459541
2.895665 43.424267 22.980381
3.027789 42.160927 24.997051
3.133488 39.720581 27.926388
3.104252 37.768303 30.269857
3.080863 36.206478 32.144630
3.062153 33.199993 34.523655
2.843554 30.794800 36.426872
2.668674 28.870646 37.949444
2.528769 25.413952 39.940304
2.446795 22.648600 41.532990
2.381212 20.436316 42.807140
2.328746 16.234705 43.851662
2.400566 12.873418 44.687279
2.458022 10.184387 45.355770
2.863337 5.608059 45.582561
3.187590 1.946996 45.763996
3.446991 -0.981854 45.909145
2.887901 -5.162135 45.582863
3.003608 -8.506359 45.321838
3.096174 -11.181739 45.113018
3.116324 -14.390958 44.402763
3.132447 -16.958334 43.834557
3.145344 -19.012234 43.379993
2.808292 -21.376873 42.391941
2.538651 -23.268583 41.601501
2.322936 -24.781954 40.969147
1.516403 -28.825127 39.317680
1.229635 -30.262701 38.730492
0.652851 -31.512970 37.658741
0.191424 -32.513187 36.801338
-1.059965 -34.601528 34.791080
-1.765764 -35.632061 33.731613
-3.584663 -37.663849 32.060379
-4.588070 -38.629738 31.401449
-5.390797 -39.402451 29.440706
-7.266743 -40.347973 27.866512
-8.767501 -41.104397 26.607157
-9.968108 -41.709534 25.372873
-11.904823 -42.200321 24.385447
-13.454195 -42.592953 23.595505
-14.693696 -42.907059 22.246750
-16.356077 -43.185070 21.321747
-17.685982 -43.407471 20.581745
-18.749908 -43.585396 19.989742
-19.882538 -43.346935 19.516140
-21.513527 -43.003551 19.046953
-22.751408 -43.300869 18.916914
-23.803780 -43.041725 18.906578
-24.987078 -43.022366 17.296717
-25.955500 -43.168610 16.284763
-26.898710 -43.105873 14.986953
-27.761095 -43.246109 13.719554
-28.453165 -43.480164 12.558979
-28.907440 -43.650612 11.203684
-28.899803 -44.145954 8.965471
-28.804623 -44.140240 7.177806
-28.842649 -44.405434 5.853392
-28.873074 -44.617596 4.793860
-28.827045 -45.036667 2.276935
-28.770752 -45.236153 0.941494
-28.725716 -45.395744 -0.126858
-27.671532 -46.011105 -2.703539
-26.828182 -46.503391 -4.764884
-26.153503 -46.897224 -7.847561
-23.942791 -47.165524 -10.700102
-22.174219 -47.380165 -12.982135
-20.759361 -47.551872 -16.241362
-17.417479 -47.568989 -18.641542
-14.743971 -47.582684 -20.561687
-12.605164 -47.593639 -23.738604
-9.438756 -46.500084 -26.280136
-6.905629 -45.625240 -28.313362
-4.879126 -44.925362 -31.373543
-2.341585 -42.889023 -33.653687
-0.311553 -41.259949 -35.477802
1.312471 -38.246422 -38.188694
2.857249 -35.815563 -40.357410
4.093070 -33.870872 -42.092381
5.081726 -32.315125 -44.129959
5.609128 -29.346893 -45.760021
6.031052 -26.972309 -47.064072
6.368588 -23.362377 -48.415310
5.877996 -20.394262 -49.496300
5.485523 -18.019770 -50.361092
5.171545 -14.409909 -51.358128
3.866270 -11.535383 -52.155754
2.822053 -9.235762 -52.793858
1.986676 -6.039876 -53.099941
0.749408 -3.483169 -53.344807
-0.240410 -1.437803 -53.540699
-1.032263 1.340894 -53.627411
-1.815472 3.563852 -53.696781
-2.442041 5.342219 -53.752277
-2.943296 7.412942 -53.670677
-3.140668 9.069521 -53.605396
-3.298568 10.394784 -53.553169
-2.831959 11.809073 -53.138988
-2.458675 12.940505 -52.807644
-1.256346 14.863718 -52.364109
0.044980 16.329735 -52.107124
2.624265 17.087605 -51.836815
7.168961 17.492571 -51.269665
8.458779 17.540749 -51.102184
11.467054 16.523735 -50.660202
13.873675 15.710125 -50.306614
15.798971 15.059237 -50.023746
19.668989 13.589864 -48.590652
22.765001 12.414364 -47.444176
25.241816 11.473965 -46.526993
29.199682 9.485710 -43.514046
32.365978 7.895106 -41.103691
34.899014 6.622624 -39.175407
38.440697 4.649295 -34.715179
41.274048 3.070629 -31.146996
43.540722 1.807699 -25.425249
45.587643 -0.084502 -20.920652
47.225178 -1.598263 -17.316975
48.535206 -2.809271 -12.821233
49.134045 -4.586446 -9.224639
49.613110 -6.008186 -6.347364
49.996365 -7.145578 -2.695944
49.859772 -8.810413 0.225192
49.750500 -10.142282 2.562100
49.663078 -12.062910 5.448027
48.874447 -13.125081 7.756769
48.243538 -13.974817 9.603762
46.454628 -16.624105 13.296632
45.427277 -17.515598 14.609653
44.605400 -18.789972 16.791267
43.133373 -19.809473 18.536562
41.955750 -20.625072 19.932796
41.013649 -21.277554 22.046585
39.056152 -21.752771 23.737616
37.490154 -22.132948 25.090439
34.704136 -22.677593 26.760698
33.146103 -23.113310 28.096905
31.899677 -23.461885 29.165871
30.902536 -23.553682 30.603443
29.290298 -23.627121 31.753502
28.000509 -23.685873 32.673550
26.968678 -23.398838 33.969589
21.810959 -22.600721 36.637188
20.907881 -21.854530 37.710529
22.576254 -20.971739 36.932369
23.910952 -20.265505 36.309841
24.978710 -19.700518 35.811821
28.270500 -19.288612 33.459003
30.903933 -18.959089 31.576750
33.010681 -18.695471 30.070948
36.205341 -18.157219 25.553905
38.761074 -17.726618 21.940271
40.805660 -17.382137 19.049364
42.728806 -17.360420 13.956238
44.267326 -17.343048 9.881737
45.498138 -17.329147 4.471736
46.153385 -17.772318 0.353735
46.677586 -18.126856 -2.940665
47.096943 -18.410484 -5.576185
47.085056 -18.864532 -7.732202
47.075550 -19.227770 -9.457014
47.067947 -19.518362 -10.836864
46.864220 -19.831003 -12.553945
46.701241 -20.081116 -13.927608
46.570854 -20.281206 -15.743340
46.339977 -20.665537 -17.299593
46.290604 -20.493906 -18.403778
47.639820 -19.329453 -14.969173
47.878712 -18.210115 -13.132592
48.453129 -17.668724 -11.663327
48.912659 -17.235611 -10.487915
49.280289 -17.430260 -7.273985
49.418674 -17.585979 -4.702841
49.529381 -17.710554 -2.645926
49.617947 -17.810215 0.184007
48.880260 -18.350912 2.447952
48.290115 -18.783472 4.259109
47.818001 -19.744144 7.617634
46.350281 -20.512684 10.304455
45.176105 -21.127516 12.453911
42.955086 -21.913334 15.265475
41.178268 -22.541985 17.514727
39.756821 -23.044909 19.314129
37.853046 -23.687752 21.644051
35.862873 -24.202030 23.507988
34.270737 -24.613449 24.999138
31.625509 -25.009394 26.897657
29.509327 -25.326147 28.416473
27.816383 -25.579552 29.631525
25.348043 -25.862444 31.250366
23.373375 -26.088758 32.545441
21.793638 -26.269810 33.581497
19.290094 -26.347841 34.953545
17.287260 -26.410269 36.051182
15.684992 -26.460211 36.929291
13.534751 -26.293060 37.570179
11.814558 -26.159342 38.082890
10.438403 -26.052364 38.493057
9.157805 -25.732960 39.014393
8.133327 -25.477436 39.431461
9.180612 -24.391342 39.733578
13.041990 -24.046940 38.043076
15.564842 -23.894793 37.442009
17.583124 -23.773077 34.810753
21.569454 -23.134565 32.977348
24.758518 -22.623753 31.510626
27.309769 -22.215105 28.086048
30.961851 -21.888187 25.346386
33.883518 -21.626652 23.154655
36.220848 -21.417425 19.180872
38.659687 -20.849197 16.001844
40.610756 -20.394619 13.458622
42.171608 -20.030952 9.959644
43.540077 -19.653173 7.160462
44.634850 -19.350946 4.921117
45.510670 -19.109167 1.939640
46.325119 -18.902382 -0.445541
47.752621 -17.990213 -9.549042
47.406544 -17.599937 -14.726284
46.011185 -17.644112 -19.008518
45.294121 -17.790464 -20.961668
44.720474 -17.907545 -22.524187
43.751637 -18.494711 -26.722002
42.721600 -19.414778 -27.627859
43.798595 -19.625034 -26.875563
46.995014 -21.270760 -11.542509
47.039448 -21.613724 -9.456060
46.739605 -22.061792 -5.894102
46.499733 -22.420246 -3.044534
46.307835 -22.707012 -0.764880
45.771008 -22.896339 2.288043
45.341549 -23.047800 4.730381
44.997982 -23.168970 7.401052
43.734917 -23.412882 9.758789
42.724464 -23.608011 11.644978
41.916103 -23.764114 13.153929
40.628571 -24.156225 15.271090
39.598553 -24.469915 16.964819
38.774532 -24.720867 19.036602
36.797707 -25.422684 20.794828
35.216244 -25.984135 22.201410
33.951073 -26.433296 24.043476
31.914791 -27.059856 25.617928
30.285769 -27.561104 26.877489
28.982546 -27.962101 28.114738
27.185339 -28.616936 29.104538
25.747572 -29.140804 29.896378
24.597357 -29.559896 30.818249
22.479355 -29.948618 31.555746
20.784954 -30.259596 32.145744
19.429434 -30.508377 32.922943
17.015425 -30.647276 33.544701
15.084217 -30.758394 34.042110
13.539250 -31.174646 34.235634
11.902006 -31.507647 34.390453
10.592209 -31.774048 34.514309
9.544374 -31.973806 34.347393
12.382083 -32.662010 33.146809
13.401878 -32.804428 32.805397
14.217715 -32.644455 31.300262
17.224121 -32.516476 30.096157
19.629246 -32.414089 29.132874
23.427950 -31.897938 26.141846
26.466913 -31.485014 23.749023
28.898083 -31.154675 21.834766
32.376244 -30.482880 17.562160
34.859314 -29.945444 14.144074
36.845772 -29.515493 11.409606
38.159431 -29.271746 7.122032
39.210361 -29.076748 3.691972
40.051105 -28.920750 0.947924
40.310452 -28.989691 -2.532514
40.517929 -29.044844 -5.316864
40.683907 -29.088966 -7.544344
40.235744 -29.505066 -10.589128
39.877213 -29.837946 -13.024957
39.590389 -30.104250 -14.973619
38.462555 -30.350697 -17.859749
37.560291 -30.547855 -20.168652
36.838478 -30.705580 -22.015774
35.805855 -31.346176 -23.527073
34.979748 -31.858656 -24.736113
33.724285 -32.382839 -26.292328
39.572220 -29.694403 -17.282732
41.282230 -29.881378 -11.727113
41.612774 -30.018742 -8.724544
41.595722 -30.188761 -6.322488
41.582081 -30.324776 -4.400844
41.571163 -30.433586 -2.381928
41.107258 -30.781183 -0.766795
40.736130 -31.059263 0.525311
40.439228 -31.809502 2.712595
39.375206 -32.409695 4.462423
38.523987 -32.889851 5.862286
37.843014 -33.407585 8.312176
36.405846 -33.821774 10.272087
35.256119 -34.153126 11.840016
33.569721 -34.438251 13.693561
32.202637 -34.666351 15.176395
31.108967 -34.848831 16.362663
30.234034 -35.028217 18.462477
28.408127 -35.171726 20.142328
26.947399 -35.286533 21.486210
24.976274 -35.485271 23.017715
23.399370 -35.644260 24.242920
22.137848 -35.771454 25.223083
21.128632 -35.819759 26.054813
19.589117 -35.889324 27.252506
22.639303 -35.331944 26.228544
23.673912 -35.100716 25.674782
25.855146 -34.615097 24.052973
27.600136 -34.226604 22.755526
28.996126 -33.915810 21.717567
31.065193 -33.593685 19.210001
32.720448 -33.335987 17.203949
34.044651 -33.129826 15.599105
37.053288 -33.379444 6.974644
37.708565 -33.271484 4.240462
38.232788 -33.185116 2.053116
38.652164 -33.116024 -1.130360
38.891838 -32.947178 -3.906742
39.083580 -32.812096 -6.127847
39.236973 -32.704037 -8.705531
38.946434 -32.751202 -10.767678
38.714005 -32.788933 -12.417396
38.528061 -32.819118 -15.089569
37.762421 -32.836586 -17.227308
37.149910 -32.850559 -18.937500
36.659904 -33.716873 -21.162453
35.453373 -33.688400 -22.942415
34.488148 -33.665627 -24.366386
33.715965 -33.647408 -26.253162
32.493320 -33.392326 -27.762583
31.515200 -33.188259 -28.970119
30.732704 -33.025005 -30.745350
29.190371 -32.633854 -32.165535
27.956501 -32.320934 -33.301682
26.969404 -32.070599 -34.403797
25.964121 -31.763437 -35.285492
24.516508 -30.906921 -37.075932
22.964769 -30.027390 -38.638454
22.413040 -28.672472 -40.076015
21.576372 -27.588537 -41.226067
20.371571 -24.671486 -43.612938
19.625771 -23.031563 -44.786404
19.029131 -21.719622 -45.725178
17.785208 -19.046656 -47.010994
17.209312 -16.908279 -48.039650
16.748594 -15.197580 -48.862572
15.996714 -11.965098 -49.851311
15.395210 -9.379111 -50.642303
14.914008 -7.310323 -51.275097
14.229588 -4.172170 -51.716930
13.682052 -1.661647 -52.070396
13.244023 0.346771 -52.353172
12.492327 2.862083 -52.206993
11.890968 4.874334 -52.090050
11.409882 6.484134 -51.996494
10.059509 7.900349 -52.184334
9.087468 9.474797 -52.242950
8.379117 11.016906 -51.514385
8.462651 12.253324 -51.376362
8.582939 14.033766 -51.177608
8.529881 15.548669 -50.930542
8.348455 19.180513 -50.109467
8.264437 20.340820 -49.737228
9.818296 12.146326 -52.666866
10.492664 4.366418 -52.850250
10.788339 1.508185 -52.915455
11.024879 -4.198936 -51.934418
10.998501 -8.397192 -51.149590
10.977398 -11.755796 -50.521725
10.960516 -16.914549 -48.493435
10.473869 -21.041552 -46.870800
10.084552 -24.343153 -45.572693
9.773096 -28.694700 -43.097809
8.799246 -31.741693 -41.117901
8.020164 -34.179283 -39.533974
6.630286 -36.309738 -37.737633
5.470473 -38.014103 -36.300560
4.542621 -39.377590 -35.150902
3.800341 -41.062969 -33.752373
2.655512 -42.411274 -32.633553
1.739649 -43.489914 -31.738495
0.240348 -44.453037 -30.028450
-0.887223 -45.223537 -28.660414
-1.789280 -45.839935 -27.565985
-2.858294 -47.054573 -25.354841
-3.713507 -48.026279 -23.585926
-4.397675 -48.803654 -22.170794
-5.214521 -49.465630 -19.778688
-5.868001 -49.995213 -17.865004
-6.390785 -50.418880 -16.334057
-6.892859 -50.904789 -14.034100
-7.294518 -51.293514 -12.194133
-7.615847 -51.604500 -10.722159
-7.974725 -51.699627 -9.709781
-8.491508 -51.836613 -8.251955
-8.892248 -50.783955 -14.970196
-9.181509 -50.094532 -17.809410
-9.412919 -49.542992 -22.947981
-9.929416 -44.900669 -29.646963
-10.113059 -43.250072 -33.462425
-10.781030 -39.691547 -36.654793
-11.315405 -36.844723 -39.208687
-11.742905 -34.567268 -41.853806
-12.264579 -30.306837 -43.969898
-12.681921 -26.898495 -45.662773
-13.015794 -24.171818 -47.017075
-13.246959 -20.380424 -48.299313
-13.431888 -17.347307 -49.325104
-13.579832 -14.065681 -49.946938
-13.692198 -11.627440 -50.444405
-13.782092 -9.676847 -50.842377
-13.854007 -8.116373 -51.474354
-13.396471 -5.758993 -51.979935
-13.030440 -3.873088 -52.384399
-12.737617 -1.509231 -52.520374
-11.934389 0.041137 -52.629154
-11.291807 1.281431 -52.716179
-9.641803 3.120901 -53.305172
-8.006049 4.527977 -53.799728
-6.301560 5.578155 -54.210323
-4.629737 6.262294 -54.412624
-1.720433 6.591266 -54.507488
3.665320 4.888366 -55.269711
5.589309 4.325681 -55.242950
6.614110 4.054355 -55.283215
9.239742 3.349651 -55.058395
10.684374 2.959536 -54.852768
11.840079 2.647445 -54.688267
13.926538 0.968096 -53.750267
15.595708 -0.375383 -52.999866
16.931042 -1.450167 -52.399548
19.041422 -4.234043 -51.448891
20.729727 -6.461143 -50.688366
22.080370 -8.242824 -50.079945
23.142916 -12.387224 -47.776009
23.992956 -15.702744 -45.932861
24.672985 -18.355160 -42.307941
24.372540 -23.035812 -39.662807
24.132183 -26.780333 -37.546700
23.939896 -29.775953 -33.703415
22.636148 -33.575397 -30.816383
21.593155 -36.614956 -28.506760
20.758757 -39.046600 -24.592661
19.067093 -41.479607 -21.461382
17.713762 -43.426022 -18.956358
16.631098 -44.983143 -14.085140
14.650985 -46.469349 -10.473765
13.066894 -47.658314 -7.584665
11.799620 -48.609486 -3.999385
9.647863 -49.223450 -1.131161
7.926457 -49.714622 1.163418
6.549333 -50.107555 4.550282
4.501346 -49.880768 7.259772
2.862957 -49.699333 9.427364
1.552248 -48.699055 12.245039
-1.023553 -47.938911 14.499178
-3.084196 -47.330807 16.302490
-5.499323 -45.635101 18.741938
-8.060282 -44.278545 20.693497
-10.109049 -43.193298 22.254744
-13.831874 -40.187500 25.581501
-15.498923 -39.118771 26.764349
-17.599176 -37.796139 27.828226
-18.710407 -36.738033 28.679327
-20.310581 -34.900368 30.067314
-22.046207 -33.473064 31.085545
-23.148439 -32.638226 31.506382
-24.735651 -31.436056 32.112389
-26.118006 -30.390083 32.863113
-27.320135 -29.693939 32.861977
-28.343439 -29.227030 32.475967
-29.679581 -28.934763 32.316277
-30.827471 -28.540440 31.873636
-31.871283 -28.440851 31.918756
-32.437656 -27.481277 33.032707
-31.830576 -26.454226 33.664272
-31.390602 -25.759743 34.700779
-30.995949 -24.366667 35.864143
-30.589064 -22.529179 37.062679
-30.295408 -21.274496 37.714657
-30.083195 -20.140270 37.943672
-29.777603 -18.506987 38.273453
-29.531195 -17.171341 38.774311
-29.334072 -16.102825 39.174995
-28.559101 -13.869367 40.373585
-28.065283 -12.766450 41.076015
-26.922968 -10.009121 42.118313
-26.325161 -8.509127 42.502598
-25.846912 -7.309131 42.810024
-24.961227 -5.607573 43.235165
-24.252678 -4.246326 43.575279
-23.685841 -3.157330 44.564171
-22.777195 -1.531210 44.954884
-22.050276 -0.230315 45.267452
-21.468742 0.810402 45.517509
-20.775927 1.997054 45.781956
-19.778271 3.705833 46.249557
-18.600752 5.208312 46.618259
-17.877083 7.151965 46.655430
-17.090080 11.435746 46.023533
-16.811834 12.554993 45.825573
-16.589237 13.958126 45.429207
-16.506985 15.080633 45.112114
-16.388540 17.552176 44.560299
-16.023012 18.650667 44.321789
-15.496651 20.473003 44.070728
-14.415928 21.831701 43.983971
-13.311015 22.833548 43.570606
-12.273273 23.474730 43.132454
-11.091648 23.885088 42.713154
-9.904904 23.563341 43.306068
-8.152873 23.100023 44.159870
-6.433912 22.788315 44.323444
-5.058747 22.538946 44.454304
-3.958612 22.339453 44.558990
-2.210077 22.059605 44.483139
-0.811249 21.835724 44.422459
0.307812 21.656620 44.373913
2.077476 21.520018 44.396679
3.493207 21.410736 44.414890
4.625794 21.323311 44.429459
5.891211 21.173203 44.530712
6.903544 21.053116 44.611717
8.654774 20.946999 44.789963
10.010336 20.932529 44.953323
11.142522 21.523111 44.712452
12.496716 21.858091 43.776119
13.679249 22.262421 43.120441
15.382094 22.844650 42.176270
16.496628 23.532677 41.465363
18.101557 24.523436 39.724857
19.753981 25.494230 38.763252
20.925323 26.563147 37.527908
21.766020 27.605339 36.432087
22.919163 28.379095 35.111229
21.239441 29.374969 35.759792
19.906816 29.284712 36.668182
18.661043 29.212503 37.394894
16.867128 29.048397 38.735355
14.540351 28.963327 39.342632
12.678930 28.895269 39.828453
9.638602 28.727251 40.614712
7.206340 28.592836 41.243717
5.260531 28.485304 41.746922
2.170658 28.025160 41.555885
-0.115576 27.657043 41.403057
-1.944561 27.362551 41.280792
-4.911026 26.779560 40.930981
-7.284201 26.313166 40.651131
-9.182737 25.940048 40.427250
-12.055115 25.307522 39.914948
-14.353017 24.801498 39.505104
-16.191339 24.396681 39.177231
-18.668175 23.825640 38.181332
-20.649645 23.368809 37.384613
-22.234821 23.003340 36.747238
-24.658867 22.477140 35.528938
-26.598103 22.056179 34.554298
-28.149494 21.719410 33.774586
-29.851772 21.015751 33.027618
-31.213596 20.452822 32.430038
-32.303055 20.002480 31.951979
-33.936554 19.366013 31.485331
-34.952045 19.112329 30.478836
-35.094158 20.399616 30.676956
-34.200203 21.918600 30.750040
-33.544437 22.925238 31.434010
-32.287128 23.343283 31.967155
-31.281281 23.677717 32.393669
-30.476608 24.800398 33.202484
-28.940483 25.237570 33.849533
-27.711582 25.587309 34.367176
-25.247229 26.211185 35.344418
-24.062239 26.486456 35.691879
-22.224091 26.522083 36.691189
-22.978374 26.160116 35.607586
-26.237307 25.060381 33.900940
-29.178862 24.215796 32.140182
-30.765099 23.787821 31.120895
-32.034092 23.445444 30.305464
-33.582321 22.924355 28.776718
-34.820904 22.507484 27.553722
-37.149475 21.459579 25.103807
-38.219643 20.888056 23.926594
-40.024204 19.964848 22.167004
-41.389938 19.293825 20.989347
-42.641323 18.780193 19.908047
-43.489803 17.949780 18.602037
-43.915764 17.475067 17.586647
-44.766621 16.944580 16.235802
-45.406105 16.687437 14.999858
-46.267780 16.578459 13.089013
-47.153828 16.164513 11.772392
-47.714912 16.173496 10.506395
-48.069206 16.398375 9.424557
-49.597961 15.597495 5.798840
-49.857647 14.960845 4.784236
-48.067486 17.409748 10.438267
-47.108997 18.620588 11.855035
-46.184135 19.522461 13.632567
-45.716877 19.899540 14.651601
-44.618793 20.622913 16.390610
-43.575836 21.230177 17.720856
-42.574154 22.087812 19.328211
-41.765385 22.543169 20.502520
-40.708191 22.957039 21.698793
-39.772293 23.386835 22.786434
-41.563892 22.947096 19.121923
-42.375336 22.621449 17.699856
-42.663849 22.218395 16.446632
-43.283955 21.895950 15.444052
-44.176903 21.431631 13.678338
-45.104149 21.194592 12.290681
-45.709564 21.090988 10.989301
-46.889488 20.968761 10.397582
-45.439793 21.890877 13.619134
-44.692875 22.548780 14.724115
-41.391186 23.973047 20.857449
-40.130272 24.600842 22.600672
-39.681942 24.824059 23.892485
-38.658489 24.608469 24.925934
-37.184715 24.298021 27.119701
-35.918049 24.468229 28.213308
-34.904716 24.604397 29.088194
-34.094055 24.713331 30.278103
-32.942440 24.726988 31.230030
-28.735062 24.058304 34.783012
-26.313108 24.042116 35.897831
-25.100609 24.143255 36.294212
-23.363995 24.391182 36.958515
-21.998663 24.589523 37.489960
-20.906393 24.748196 37.915115
-19.034073 25.421625 39.021259
-16.829611 25.612112 39.530392
-16.602840 24.225285 40.340645
-17.146729 22.432545 40.909664
-17.581841 20.998356 41.364880
-17.929928 19.851002 41.729050
-18.579729 17.149364 42.686787
-19.099567 14.988054 43.452976
-19.515436 13.259007 44.065929
-20.087698 9.443986 44.010292
-20.545507 6.391967 43.965782
-20.911755 3.950352 43.930172
-21.683886 -0.468128 43.294086
-22.301590 -4.002912 42.785217
-22.795755 -6.830739 42.378120
-23.406694 -11.337726 40.789642
-23.895449 -14.943315 39.518860
-24.286451 -17.827785 37.068634
-25.102339 -21.257727 35.363255
-25.755053 -24.001677 33.998951
-26.277220 -26.196836 32.190708
-27.210022 -28.527508 30.494913
-27.956263 -30.392046 29.138277
-28.553259 -31.883677 27.254969
-29.432131 -33.304123 25.748322
-30.135227 -34.440479 24.543005
-31.417194 -36.223812 22.222147
-31.992786 -36.923210 21.136864
-32.453266 -37.482727 19.666637
-32.983353 -38.043911 18.490458
-33.746677 -38.852020 16.791157
-34.267544 -39.501492 15.699124
-34.828491 -39.736767 14.541584
-35.459030 -40.816998 13.307302
-35.222744 -41.300182 12.261225
-34.750721 -40.790672 11.032125
-34.780773 -40.874504 9.916704
-34.791454 -41.425407 8.904110
-34.569660 -42.218708 7.445975
-34.778286 -42.540855 5.995127
-34.945183 -42.798573 4.834448
-35.185513 -43.229813 2.673071
-35.339329 -43.553909 0.897790
-35.106537 -43.916332 -0.111421
-34.017757 -44.784248 -0.896982
-33.288536 -45.204704 0.506903
-33.124519 -45.310452 2.266670
-33.077160 -45.101101 3.674483
-33.039268 -44.933617 4.800734
-33.008957 -44.799633 6.418533
-32.930805 -44.298283 8.146773
-32.868286 -43.897202 9.529366
-32.818268 -43.576336 11.990640
-32.844131 -42.664936 13.959659
-32.864826 -41.935814 15.534874
-32.881382 -41.352512 18.200645
-32.625114 -39.883766 20.333263
-32.420097 -38.708771 22.039358
-32.256088 -36.058506 24.737034
-31.807451 -34.225563 26.895174
-31.448544 -32.759212 28.621687
-31.161417 -29.875862 30.999697
-30.548412 -27.248510 32.902107
-30.058006 -25.146626 34.424030
-28.309711 -19.690802 38.364483
-27.224934 -17.750954 39.765533
-26.357109 -15.611171 41.314774
-24.902229 -13.899344 42.554165
-23.738327 -12.529884 43.545677
-21.273983 -10.645990 44.677689
-19.631908 -9.138874 45.583298
-18.318251 -7.933181 46.307785
-17.267323 -5.959838 46.940575
-15.857614 -4.381162 47.446808
-14.729847 -3.118222 47.851795
-12.869367 -1.700346 48.234585
-11.380983 -0.566045 48.540813
-10.190277 0.341396 48.785797
-8.471100 1.675294 49.127384
-6.928064 2.742413 49.400654
-5.693635 3.596109 49.619270
-3.807717 4.713312 49.704563
-2.298984 5.607074 49.772797
-1.091995 6.322083 49.827385
2.856062 7.676383 49.527992
4.259819 8.157912 49.421539
5.586453 8.823725 49.266380
6.647760 9.356377 49.142250
8.433577 10.510875 48.747902
9.782525 11.559742 48.323040
10.462584 13.084811 47.703369
11.071508 14.642080 47.051983
11.600169 16.103710 45.714455
11.572527 17.378325 45.404713
11.550414 18.398014 45.156918
11.183179 20.273893 44.598492
10.446963 23.058096 43.270443
